-442
-3014
-10908
-21866
-29760
-32332
-32774
-31890
-26746
-10958
10958
26746
31890
32774
31890
26746
10958
-10958
-26746
-31890
-32774
-31890
-26746
-10958
10958
26746
31890
32774
31890
26746
10958
-10958
-26746
-31890
-32774
-31890
-26746
-10958
10958
26746
31890
32774
31890
26746
10958
-10958
-26746
-31890
-32774
-31890
-26746
-10958
10958
26746
31890
32774
31890
26746
10958
-10958
-26746
-31890
-32774
-31890
-26746
-10958
10958
26746
31890
32774
31890
26746
10958
-10958
-26746
-31890
-32774
-31890
-26746
-10958
10958
26746
31890
32774
31890
26746
10958
-10958
-26746
-31890
-32774
-31890
-26746
-10958
10958
26746
31890
32774
